97
1
20
1 1 1 1 1 1 1 1 1 1 1 1 1 1 1 1 1 1 1 1 
1 0 0 0 0 1 0 0 0 0 1 0 0 0 0 1 0 0 0 1 
1 0 0 0 0 1 0 0 0 0 1 0 0 0 0 1 0 0 0 1 
1 0 0 0 0 1 0 0 0 0 0 0 0 0 0 1 0 0 0 1 
1 0 0 0 0 1 0 0 0 0 1 0 0 0 0 1 0 0 0 1 
1 0 0 0 0 1 0 0 0 0 1 0 0 0 0 1 0 0 0 1 
1 0 0 0 0 1 0 0 0 0 1 0 0 0 0 1 0 0 0 1 
1 0 0 0 0 1 0 0 0 0 1 0 0 0 0 1 0 0 0 1 
1 0 0 0 0 1 0 0 0 0 1 0 0 0 0 1 0 0 0 1 
1 0 0 0 0 1 0 0 0 0 1 0 0 0 0 1 0 0 0 1 
1 0 0 0 0 0 0 0 0 0 1 0 0 0 0 1 0 0 0 1 
1 0 0 0 0 1 0 0 0 0 1 0 2 0 0 0 0 0 0 1 
1 0 0 0 0 1 0 0 0 0 1 0 0 0 0 0 0 0 0 1 
1 0 0 0 0 1 0 0 0 0 1 0 0 0 0 0 0 0 0 1 
1 0 0 0 0 1 0 0 0 0 1 0 0 0 0 1 0 0 0 1 
1 0 0 0 0 1 0 0 0 0 1 0 0 0 0 1 0 0 0 1 
1 0 0 0 0 1 0 0 0 0 1 0 0 0 0 1 0 0 0 1 
1 0 0 0 0 1 0 0 0 0 1 0 0 0 0 1 0 0 0 1 
1 0 0 0 0 1 0 0 0 0 1 0 0 0 0 1 0 0 0 1 
1 1 1 1 1 1 1 1 1 1 1 1 1 1 1 1 1 1 1 1 
2
1
65 
1
1
1
16
0
10
3
12
0
7
1
6
8
1
2
3
1
72 
1
6
6
6
0
10
3
9
3
2
6
0
2
0
1
2
2
6
7
1
6
12
11
0
1
1
