102
3
15
1 1 1 1 1 1 1 1 1 1 1 1 1 1 1 
1 0 0 0 0 0 0 0 0 0 0 0 0 1 1 
1 0 0 0 0 0 0 0 0 1 0 0 0 0 1 
1 1 0 0 0 0 1 0 0 0 0 0 0 1 1 
1 0 0 0 0 0 1 0 0 0 0 0 1 0 1 
1 1 1 3 0 1 0 0 1 0 0 1 0 0 1 
1 0 0 0 0 0 0 0 0 0 2 0 1 1 1 
1 0 0 0 0 0 1 0 0 0 0 0 1 0 1 
1 0 1 0 0 1 0 0 0 2 0 0 1 0 1 
1 0 0 0 1 0 0 1 0 1 0 0 0 0 1 
1 0 0 0 0 0 0 0 0 0 1 0 0 0 1 
1 0 0 0 1 1 0 0 0 0 0 0 0 0 1 
1 0 2 0 0 0 1 0 0 1 0 0 0 0 1 
1 0 0 0 0 0 0 0 0 0 0 0 0 1 1 
1 1 1 1 1 1 1 1 1 1 1 1 1 1 1 
1
1
49 
1
6
6
6
0
10
1
1
2
7
1
6
8
0
3
1
9
4
3
8
1
10
6
0
1
3
1
4
7
2
1
1
9
8
0
2
2
1
7
3
4
6
3
2
12
0
3
2
